[0,9,7,2,735]
[1,15,9,4,1457]
[2,15,7,2,1222]
[3,4,8,0,967]
[4,11,19,1,1073]
[5,12,3,3,1333]
[6,9,8,0,752]
[7,3,2,4,869]
[8,0,2,3,973]
[9,13,3,3,787]
[10,4,9,0,1526]
[11,15,18,3,1621]
[12,11,2,3,740]
[13,9,20,4,595]
[14,7,2,1,1480]
[15,9,13,4,577]
[16,1,10,1,630]
[17,1,12,4,1014]
[18,0,0,0,1089]
[19,12,6,0,1440]
[20,9,18,3,1014]
[21,4,7,2,1053]
[22,11,14,4,1332]
[23,11,11,2,851]
[24,4,19,1,1182]
[25,8,9,1,891]
[26,5,5,3,1192]
[27,12,14,3,1419]
[28,7,16,1,1551]
[29,10,18,2,787]
[30,6,1,0,1215]
[31,15,19,4,1198]
[32,10,17,2,805]
[33,8,17,3,742]
[34,11,16,2,1295]
[35,8,17,4,990]
[36,1,9,1,1295]
[37,1,16,1,682]
[38,13,5,4,1417]
[39,1,19,1,1067]
[40,4,15,1,1462]
[41,10,10,1,612]
[42,2,3,3,595]
[43,5,20,3,1552]
[44,8,6,1,462]
[45,14,14,0,562]
[46,1,19,0,647]
[47,11,11,0,536]
[48,14,2,2,1237]
[49,14,15,3,675]
[50,11,12,4,814]
[51,9,4,0,1032]
[52,4,10,3,860]
[53,10,0,4,857]
[54,8,17,3,594]
[55,8,15,0,825]
[56,4,17,1,924]
[57,10,18,4,875]
[58,0,9,4,528]
[59,10,2,1,1032]
[60,10,0,3,1277]
[61,8,5,1,742]
[62,5,9,3,1350]
[63,8,17,4,445]
[64,5,9,0,1057]
[65,3,0,0,666]
[66,7,1,0,1480]
[67,5,7,0,1237]
[68,2,9,0,700]
[69,4,1,1,881]
[70,4,20,2,752]
[71,4,0,3,1548]
[72,9,2,3,1295]
[73,8,3,4,1122]
[74,15,13,1,1128]
[75,13,1,2,1125]
[76,0,10,4,1023]
[77,5,9,2,1687]
[78,3,7,3,462]
[79,9,1,2,910]
[80,3,20,1,795]
[81,1,0,4,700]
[82,11,1,0,925]
[83,2,20,2,1102]
[84,15,12,4,705]
[85,14,11,4,562]
[86,12,14,2,1397]
[87,14,14,3,1282]
[88,7,14,3,940]
[89,8,20,2,1237]
[90,2,12,0,1050]
[91,12,1,1,559]
[92,6,12,4,1147]
[93,3,11,0,1091]
[94,6,17,4,787]
[95,7,11,0,1715]
[96,4,18,3,1247]
[97,13,10,2,1102]
[98,15,7,0,1551]
[99,5,14,2,765]
[100,13,19,1,1440]
[101,10,14,3,1207]
[102,8,14,3,544]
[103,5,1,1,1170]
[104,7,10,2,1480]
[105,10,18,0,770]
[106,13,11,3,922]
[107,15,10,4,611]
[108,4,19,4,881]
[109,2,18,1,700]
[110,12,1,0,1010]
[111,8,15,3,1171]
[112,13,14,1,1282]
[113,15,16,3,1104]
[114,8,16,2,660]
[115,12,0,0,688]
[116,11,0,3,481]
[117,15,19,3,1504]
[118,15,14,3,634]
[119,13,13,3,697]
[120,4,3,2,1612]
[121,15,2,2,869]
[122,10,13,0,840]
[123,2,6,2,770]
[124,10,12,3,892]
[125,2,2,2,735]
[126,6,20,0,1395]
[127,6,12,2,1170]
[128,1,7,4,1102]
[129,5,16,0,1215]
[130,5,19,1,1012]
[131,15,10,2,1363]
[132,13,5,3,1620]
[133,13,8,1,1170]
[134,1,13,3,1277]
[135,0,9,3,610]
[136,11,5,3,1165]
[137,14,2,3,1102]
[138,0,2,3,759]
[139,5,2,4,675]
[140,4,10,2,1548]
[141,2,11,3,892]
[142,11,1,4,481]
[143,8,19,0,544]
[144,3,5,1,943]
[145,4,9,3,1247]
[146,15,7,1,775]
[147,1,7,0,1277]
[148,10,14,1,682]
[149,0,2,2,627]
[150,14,8,3,1102]
[151,13,17,4,1057]
[152,9,15,1,962]
[153,2,3,2,1242]
[154,6,5,3,1350]
[155,5,17,2,1125]
[156,6,13,4,1147]
[157,11,5,2,740]
[158,8,14,1,924]
[159,15,11,3,1386]
[160,4,15,3,1118]
[161,11,2,3,906]
[162,5,8,1,1305]
[163,12,18,4,817]
[164,6,11,3,1507]
[165,11,13,0,1017]
[166,0,7,1,429]
[167,12,1,3,709]
[168,3,6,4,1036]
[169,7,14,1,1527]
[170,2,11,2,682]
[171,9,12,4,472]
[172,12,0,4,1333]
[173,9,8,2,787]
[174,9,9,2,1120]
[175,7,16,4,1175]
[176,7,11,1,1151]
[177,11,0,3,851]
[178,5,16,3,967]
[179,12,12,4,1526]
[180,14,6,1,765]
[181,4,1,3,731]
[182,4,2,3,838]
[183,10,7,3,1050]
[184,3,3,0,999]
[185,1,10,0,857]
[186,15,13,4,1551]
[187,2,10,1,805]
[188,7,16,1,1245]
[189,4,19,3,989]
[190,15,11,4,611]
[191,7,1,2,1480]
[192,15,7,3,822]
[193,7,13,3,1245]
[194,2,12,2,752]
[195,11,5,0,1276]
[196,1,4,0,945]
[197,11,11,3,573]
[198,12,11,3,1290]
[199,4,16,1,1526]
[200,6,0,2,810]
[201,9,16,4,437]
[202,3,2,1,1147]
[203,13,6,3,855]
[204,2,20,3,1137]
[205,7,6,2,1339]
[206,15,16,3,1386]
[207,2,20,0,507]
[208,15,1,0,1762]
[209,6,5,4,1215]
[210,11,13,1,666]
[211,0,6,3,742]
[212,12,6,4,1397]
[213,1,12,1,805]
[214,1,11,0,665]
[215,2,20,4,455]
[216,12,13,2,1225]
[217,4,4,0,967]
[218,2,6,2,822]
[219,11,10,1,740]
[220,12,11,1,1010]
[221,15,7,4,587]
[222,5,11,4,1552]
[223,0,14,1,924]
[224,10,4,4,1207]
[225,12,11,0,924]
[226,7,17,1,1057]
[227,4,4,0,795]
[228,10,20,0,962]
[229,7,6,3,987]
[230,6,2,4,877]
[231,8,15,0,924]
[232,12,10,0,1462]
[233,0,1,1,709]
