 orderID    pcID     qty dueDate  profit  day0  day1  day2  day3  day4 TtlProfit
     126       6      20       0    1395    20     0     0     0     0     27900
     129       5      16       0    1215    16     0     0     0     0     19440
     228      10      20       0     962    20     0     0     0     0     19240
      95       7      11       0    1715    11     0     0     0     0     18865
     232      12      10       0    1462    10     0     0     0     0     14620
     231       8      15       0     924    15     0     0     0     0     13860
     105      10      18       0     770    18     0     0     0     0     13860
      10       4       9       0    1526     9     0     0     0     0     13734
     165      11      13       0    1017    13     0     0     0     0     13221
      90       2      12       0    1050    12     0     0     0     0     12600
      55       8      15       0     825    15     0     0     0     0     12375
      46       1      19       0     647    19     0     0     0     0     12293
      93       3      11       0    1091    11     0     0     0     0     12001
     122      10      13       0     840    13     0     0     0     0     10920
      98      15       7       0    1551     7     0     0     0     0     10857
     143       8      19       0     544    19     0     0     0     0     10336
     225      12      11       0     924    11     0     0     0     0     10164
     207       2      20       0     507    20     0     0     0     0     10140
      64       5       9       0    1057     9     0     0     0     0      9513
     147       1       7       0    1277     7     0     0     0     0      8939
      67       5       7       0    1237     7     0     0     0     0      8659
      19      12       6       0    1440     6     0     0     0     0      8640
     185       1      10       0     857    10     0     0     0     0      8570
      45      14      14       0     562    14     0     0     0     0      7868
       3       4       8       0     967     8     0     0     0     0      7736
     214       1      11       0     665    11     0     0     0     0      7315
     195      11       5       0    1276     5     0     0     0     0      6380
      68       2       9       0     700     9     0     0     0     0      6300
       6       9       8       0     752     8     0     0     0     0      6016
      47      11      11       0     536    11     0     0     0     0      5896
      51       9       4       0    1032     4     0     0     0     0      4128
     217       4       4       0     967     4     0     0     0     0      3868
     196       1       4       0     945     4     0     0     0     0      3780
     227       4       4       0     795     4     0     0     0     0      3180
     100      13      19       1    1440     0    19     0     0     0     27360
      28       7      16       1    1551     0    16     0     0     0     24816
     199       4      16       1    1526     0    16     0     0     0     24416
      24       4      19       1    1182     0    19     0     0     0     22458
      40       4      15       1    1462     0    15     0     0     0     21930
     169       7      14       1    1527     0    14     0     0     0     21378
       4      11      19       1    1073     0    19     0     0     0     20387
      39       1      19       1    1067     0    19     0     0     0     20273
     188       7      16       1    1245     0    16     0     0     0     19920
     130       5      19       1    1012     0    19     0     0     0     19228
     226       7      17       1    1057     0    17     0     0     0     17969
     112      13      14       1    1282     0    14     0     0     0     17948
      80       3      20       1     795     0    20     0     0     0     15900
      56       4      17       1     924     0    17     0     0     0     15708
      74      15      13       1    1128     0    13     0     0     0     14664
     152       9      15       1     962     0    15     0     0     0     14430
     223       0      14       1     924     0    14     0     0     0     12936
     158       8      14       1     924     0    14     0     0     0     12936
     176       7      11       1    1151     0    11     0     0     0     12661
     109       2      18       1     700     0    18     0     0     0     12600
      36       1       9       1    1295     0     9     0     0     0     11655
     220      12      11       1    1010     0    11     0     0     0     11110
      89       8      20       2    1237     0     0    20     0     0     24740
      83       2      20       2    1102     0     0    20     0     0     22040
      34      11      16       2    1295     0     0    16     0     0     20720
      86      12      14       2    1397     0     0    14     0     0     19558
     155       5      17       2    1125     0     0    17     0     0     19125
     216      12      13       2    1225     0     0    13     0     0     15925
     140       4      10       2    1548     0     0    10     0     0     15480
      77       5       9       2    1687     0     0     9     0     0     15183
      70       4      20       2     752     0     0    20     0     0     15040
     104       7      10       2    1480     0     0    10     0     0     14800
      29      10      18       2     787     0     0    18     0     0     14166
     127       6      12       2    1170     0     0    12     0     0     14040
      32      10      17       2     805     0     0    17     0     0     13685
     131      15      10       2    1363     0     0    10     0     0     13630
      97      13      10       2    1102     0     0    10     0     0     11020
      99       5      14       2     765     0     0    14     0     0     10710
     114       8      16       2     660     0     0    16     0     0     10560
     162       5       8       1    1305     0     0     8     0     0     10440
     174       9       9       2    1120     0     0     9     0     0     10080
     213       1      12       1     805     0     0    12     0     0      9660
     148      10      14       1     682     0     0    14     0     0      9548
      23      11      11       2     851     0     0    11     0     0      9361
     133      13       8       1    1170     0     0     8     0     0      9360
     194       2      12       2     752     0     0    12     0     0      9024
     210      11      13       1     666     0     0    13     0     0      8658
       2      15       7       2    1222     0     0     7     0     0      8554
     187       2      10       1     805     0     0    10     0     0      8050
     205       7       6       2    1339     0     0     6     0     0      8034
      43       5      20       3    1552     0     0     0    20     0     31040
      11      15      18       3    1621     0     0     0    18     0     29178
     117      15      19       3    1504     0     0     0    19     0     28576
     204       2      20       3    1137     0     0     0    20     0     22740
      96       4      18       3    1247     0     0     0    18     0     22446
     206      15      16       3    1386     0     0     0    16     0     22176
      27      12      14       3    1419     0     0     0    14     0     19866
     189       4      19       3     989     0     0     0    19     0     18791
      20       9      18       3    1014     0     0     0    18     0     18252
      87      14      14       3    1282     0     0     0    14     0     17948
     113      15      16       3    1104     0     0     0    16     0     17664
     111       8      15       3    1171     0     0     0    15     0     17565
     101      10      14       3    1207     0     0     0    14     0     16898
     160       4      15       3    1118     0     0     0    15     0     16770
     134       1      13       3    1277     0     0     0    13     0     16601
     164       6      11       3    1507     0     0     0    11     0     16577
     193       7      13       3    1245     0     0     0    13     0     16185
     178       5      16       3     967     0     0     0    16     0     15472
     159      15      11       3    1386     0     0     0    11     0     15246
     198      12      11       3    1290     0     0     0    11     0     14190
      88       7      14       3     940     0     0     0    14     0     13160
      33       8      17       3     742     0     0     0    17     0     12614
      31      15      19       4    1198     0     0     0     0    19     22762
     186      15      13       4    1551     0     0     0     0    13     20163
     175       7      16       4    1175     0     0     0     0    16     18800
      22      11      14       4    1332     0     0     0     0    14     18648
     179      12      12       4    1526     0     0     0     0    12     18312
     151      13      17       4    1057     0     0     0     0    17     17969
     222       5      11       4    1552     0     0     0     0    11     17072
      35       8      17       4     990     0     0     0     0    17     16830
     108       4      19       4     881     0     0     0     0    19     16739
      57      10      18       4     875     0     0     0     0    18     15750
     156       6      13       4    1147     0     0     0     0    13     14911
     163      12      18       4     817     0     0     0     0    18     14706
      92       6      12       4    1147     0     0     0     0    12     13764
      94       6      17       4     787     0     0     0     0    17     13379
       1      15       9       4    1457     0     0     0     0     9     13113
      17       1      12       4    1014     0     0     0     0    12     12168
      13       9      20       4     595     0     0     0     0    20     11900
     145       4       9       3    1247     0     0     0     0     9     11223
     124      10      12       3     892     0     0     0     0    12     10704
      76       0      10       4    1023     0     0     0     0    10     10230
     106      13      11       3     922     0     0     0     0    11     10142
      49      14      15       3     675     0     0     0     0    15     10125
      54       8      17       3     594     0     0     0     0    17     10098
     141       2      11       3     892     0     0     0     0    11      9812
      50      11      12       4     814     0     0     0     0    12      9768
     208      15       1       0    1762     0     0     0     0     1      1762


Delayed Orders
 orderID    pcID     qty dueDate  profit  day0  day1  day2  day3  day4 TtlProfit
     142      11       1       4     481     0     0     0     0     0       481
      91      12       1       1     559     0     0     0     0     0       559
     233       0       1       1     709     0     0     0     0     0       709
     167      12       1       3     709     0     0     0     0     0       709


Cancelled Orders
 orderID    pcID     qty dueDate  profit MoneyLoss
     142      11       1       4     481      -481
      91      12       1       1     559      -559
     233       0       1       1     709      -709
     167      12       1       3     709      -709
     181       4       1       3     731      -731
      69       4       1       1     881      -881
      79       9       1       2     910      -910
      82      11       1       0     925      -925
     110      12       1       0    1010     -1010
      75      13       1       2    1125     -1125
     103       5       1       1    1170     -1170
      30       6       1       0    1215     -1215
     149       0       2       2     627     -1254
     139       5       2       4     675     -1350
     125       2       2       2     735     -1470
      66       7       1       0    1480     -1480
     191       7       1       2    1480     -1480
      12      11       2       3     740     -1480
     138       0       2       3     759     -1518
     182       4       2       3     838     -1676
     121      15       2       2     869     -1738
       7       3       2       4     869     -1738
     230       6       2       4     877     -1754
     208      15       1       0    1762     -1762
      42       2       3       3     595     -1785
     161      11       2       3     906     -1812
       8       0       2       3     973     -1946
      59      10       2       1    1032     -2064
     137      14       2       3    1102     -2204
     202       3       2       1    1147     -2294
       9      13       3       3     787     -2361
      48      14       2       2    1237     -2474
      72       9       2       3    1295     -2590
      44       8       6       1     462     -2772
      14       7       2       1    1480     -2960
     166       0       7       1     429     -3003
      78       3       7       3     462     -3234
      73       8       3       4    1122     -3366
     157      11       5       2     740     -3700
      61       8       5       1     742     -3710
     153       2       3       2    1242     -3726
       5      12       3       3    1333     -3999
     221      15       7       4     587     -4109
     211       0       6       3     742     -4452
     180      14       6       1     765     -4590
     123       2       6       2     770     -4620
     144       3       5       1     943     -4715
      58       0       9       4     528     -4752
     224      10       4       4    1207     -4828
     120       4       3       2    1612     -4836
     218       2       6       2     822     -4932
     203      13       6       3     855     -5130
       0       9       7       2     735     -5145
     146      15       7       1     775     -5425
     135       0       9       3     610     -5490
     171       9      12       4     472     -5664
     192      15       7       3     822     -5754
     136      11       5       3    1165     -5825
     229       7       6       3     987     -5922
      26       5       5       3    1192     -5960
     209       6       5       4    1215     -6075
     107      15      10       4     611     -6110
      41      10      10       1     612     -6120
      85      14      11       4     562     -6182


Total Profit for week: 1350308
